[1 2 3 4 5 6 7 8 9 10 11 12 13 14 15 16 17 18 19 20 21 22 23 24 25]
[[1 3 5 7 9 11] 5]
[[2 4 6 8 10 12 14] 8]
[[1 2 3 9 11 13 15] 6]
[[4 5 6 12 13 16 17] 4]
[[7 8 9 14 18 19] 10]
[[10 11 12 15 16 20 21] 3]
[[13 14 15 17 22 23] 12]
[[16 17 18 19 24 25] 7]
[[1 5 10 15 20 25] 9]
[[2 6 11 16 21] 4]
[[3 7 12 17 18 22] 6]
[[4 8 13 19 23 24] 8]
[[5 9 14 20 25] 5]
[[1 6 10 15 21] 3]
[[2 7 11 16 20 22 25] 10]
[[3 8 12 17 23] 4]
[[4 9 13 18 19 24] 7]
[[5 10 14 20 25] 11]
[[1 2 3 4 5 6] 13]
[[6 7 8 9 10 11] 6]
[[11 12 13 14 15 16] 8]
[[16 17 18 19 20 21] 5]
[[21 22 23 24 25] 3]
[[1 5 10 15 20 25] 2]
[[2 4 6 8 10 12 14 16] 9]
[[3 6 9 12 15 18 21] 7]
[[4 7 10 13 16 19 22 25] 10]
[[5 8 11 14 17 20 23] 6]
[[1 3 5 7 9 11 13 15] 12]
[[2 4 6 8 10 12 14 16 18] 8]
